   4.0777208e-02   1.9800048e+00
   7.0993481e-02   2.2508068e+00
   1.1899556e-01   1.9255984e+00
   2.2676140e-01   1.9958522e+00
   2.6224412e-01   2.4440473e+00
   2.8623157e-01   2.2153333e+00
   3.2753274e-01   2.1514646e+00
   4.4441898e-01   2.3257779e+00
   4.6351875e-01   2.0286413e+00
   4.7100746e-01   2.1414188e+00
   4.7411774e-01   2.1692618e+00
   4.8256505e-01   2.3224016e+00
   5.7667613e-01   2.3829493e+00
   5.8269882e-01   2.1452292e+00
   6.5936553e-01   2.0339175e+00
   6.6884002e-01   1.8521697e+00
   6.7769272e-01   1.7152772e+00
   7.0502821e-01   2.0000243e+00
   7.2009801e-01   2.6545921e+00
   7.2334301e-01   1.9500846e+00
   8.7237874e-01   1.9377421e+00
   8.9040512e-01   1.9129741e+00
   9.2111699e-01   2.0613315e+00
   9.3066323e-01   1.4045099e+00
   9.3414422e-01   1.5108513e+00
   9.5705948e-01   1.5444783e+00
   9.7496032e-01   1.6884451e+00
   1.0074960e+00   2.0630087e+00
   1.0452069e+00   1.3772318e+00
   1.0750846e+00   1.6815878e+00
   1.0851493e+00   1.8386157e+00
   1.1165068e+00   1.0921543e+00
   1.1242503e+00   1.3425982e+00
   1.2022765e+00   1.2522181e+00
   1.2112332e+00   1.1736350e+00
   1.2126096e+00   1.0363368e+00
   1.2250713e+00   1.6497925e+00
   1.2464985e+00   1.1138535e+00
   1.2782994e+00   1.6153475e+00
   1.3268669e+00   4.4967909e-01
   1.3683702e+00   1.2274736e+00
   1.3991356e+00   9.7579078e-01
   1.4122865e+00   6.9342907e-01
   1.4168452e+00   1.0436029e+00
   1.4691433e+00   3.9908392e-01
   1.4955863e+00   4.2545801e-01
   1.5033192e+00   6.5864593e-01
   1.5153077e+00   1.7994845e-01
   1.5445140e+00   4.4106899e-02
   1.5640649e+00   3.0603736e-01
   1.5999699e+00   5.2719344e-01
   1.6349628e+00   5.1337519e-01
   1.7310650e+00   5.4183484e-01
   1.7377085e+00  -1.0938620e-01
   1.7470584e+00   3.2402305e-01
   1.7509896e+00   6.8641815e-01
   1.7933885e+00   1.8303277e-03
   1.8069662e+00  -3.9212028e-01
   1.8288311e+00  -2.6138433e-01
   1.8459995e+00   2.3237510e-01
   1.8497034e+00  -1.0449734e-02
   1.9340220e+00   3.8569657e-01
   2.0894466e+00  -5.0714373e-01
   2.1355534e+00  -3.9424124e-01
   2.1533468e+00  -3.3940742e-01
   2.1600460e+00  -4.3040525e-01
   2.1745659e+00  -3.5188748e-01
   2.1982625e+00  -3.5835895e-01
   2.3814494e+00  -3.2862318e-02
   2.4220627e+00  -2.3033996e-01
   2.4715869e+00  -6.2328126e-01
   2.4751793e+00  -2.9221296e-01
   2.4842191e+00   2.8109530e-01
   2.6202521e+00  -4.5365915e-01
   2.6384077e+00  -5.1284476e-01
   2.7705105e+00  -3.1824551e-01
   2.7811845e+00  -1.0977475e-03
   2.7869582e+00   3.7364885e-02
   2.7901616e+00  -3.2933135e-01
   2.7945721e+00  -1.5907199e-01
   2.8877325e+00  -1.7038349e-01
   2.9230679e+00  -1.3581882e-01
   2.9314336e+00  -7.2097651e-01
   2.9390888e+00  -2.7705891e-01
   2.9628967e+00   1.4028937e-01
   2.9812729e+00  -2.3584638e-01
   3.0608426e+00   6.0773001e-02
   3.1542393e+00   6.3609035e-03
   3.1644729e+00  -1.9331497e-02
   3.1907880e+00  -2.8363297e-01
   3.1989244e+00   5.1237584e-02
   3.3003860e+00   1.1444890e-01
   3.3161206e+00   4.1413016e-01
   3.3212662e+00   4.8017690e-01
   3.4913380e+00   1.2197364e-01
   3.4970272e+00  -2.3855129e-01
   3.5111068e+00   1.5100406e-01
   3.5285160e+00   2.1027318e-02
   3.5410625e+00   1.0940680e-01
   3.5424437e+00  -6.9338823e-02
   3.5503715e+00  -5.2231818e-02
   3.5904238e+00  -1.5292035e-03
   3.6497150e+00   2.7060172e-01
   3.6684172e+00   1.0037598e-01
   3.7045003e+00   1.8877658e-02
   3.7555974e+00  -6.9715331e-01
   3.8000960e+00   9.1691444e-02
   3.9228771e+00  -4.5780134e-02
   3.9794552e+00  -1.6969930e-01
   4.0030402e+00  -1.7569646e-01
   4.0700925e+00  -4.3370584e-01
   4.1203817e+00   1.2797664e-02
   4.1276962e+00  -5.6535433e-01
   4.1311476e+00   2.6488893e-01
   4.1419533e+00  -4.5186503e-03
   4.1436131e+00  -1.8411718e-01
   4.1747867e+00  -4.5416496e-01
   4.1995844e+00  -4.9562676e-01
   4.2767587e+00  -3.7797905e-01
   4.4139926e+00  -1.6826232e-01
   4.4170716e+00  -5.3993471e-01
   4.4284586e+00  -1.6855145e-02
   4.4431101e+00  -4.9375046e-01
   4.4464803e+00  -6.2524341e-01
   4.4725928e+00  -4.4244747e-01
   4.4822044e+00  -2.3126489e-01
   4.5053070e+00  -4.9524068e-01
   4.5311191e+00  -3.0442973e-01
   4.6312765e+00  -4.9966184e-01
   4.6399287e+00  -3.4006455e-01
   4.6714419e+00  -3.4544107e-01
   4.6970526e+00  -5.5693469e-01
   4.7395417e+00  -1.2880476e-01
   4.7537326e+00  -6.7930574e-01
   4.7635255e+00  -5.2132563e-01
   4.7746519e+00  -6.1716600e-01
   4.8713958e+00  -3.4216062e-01
   4.8899372e+00  -3.4466202e-01
   4.8955556e+00  -8.5317948e-01
   4.9313731e+00  -7.0329907e-01
   4.9908479e+00  -4.1445140e-01
   5.0298072e+00   1.5933701e-02
   5.0346852e+00  -7.1611358e-01
   5.1252716e+00  -1.3177734e-01
   5.1770139e+00   2.6744085e-01
   5.1933317e+00   1.2936505e-01
   5.2018345e+00  -2.3133758e-01
   5.2042589e+00  -2.6302278e-01
   5.2429975e+00  -5.1480082e-01
   5.3335693e+00  -4.4937572e-02
   5.3391126e+00  -3.9759658e-02
   5.3687053e+00   2.4700106e-01
   5.3822509e+00   3.7318038e-01
   5.3908164e+00  -2.9761678e-01
   5.4125383e+00   2.9306264e-01
   5.4448431e+00  -1.8275382e-01
   5.4708478e+00   4.4695333e-01
   5.4831681e+00   5.5131940e-01
   5.5079430e+00   3.2691690e-01
   5.5587961e+00   8.4662078e-01
   5.6156959e+00   5.8981356e-01
   5.6785557e+00   7.9708759e-01
   5.6945084e+00   8.6214538e-01
   5.7841559e+00   9.2436475e-01
   5.8021470e+00   1.3383688e+00
   5.8209269e+00   8.3581901e-01
   5.8447984e+00   7.2608873e-01
   5.8995778e+00   1.0554708e+00
   5.9406727e+00   1.6998884e+00
   5.9526222e+00   1.4757137e+00
   5.9646273e+00   1.5812773e+00
   5.9778363e+00   2.0535664e+00
   5.9898571e+00   1.5147130e+00
   5.9993881e+00   1.5104302e+00
   6.0193082e+00   1.6293534e+00
   6.0534668e+00   1.6585871e+00
   6.1181133e+00   1.8971931e+00
   6.2092391e+00   1.7797422e+00
   6.2126321e+00   1.7734081e+00
   6.2687732e+00   1.4251767e+00
